# Created by Octave 4.0.3, Mon Jan 30 23:18:43 2017 GMT <unknown@KoolCards>
# name: Z
# type: matrix
# rows: 1206
# columns: 3
 0.01091459176434056 0.2507812137564402 0
 -2.01088519512443 0.4741030590233494 2
 0.4004455911329986 0.2107013575773391 1
 1.302657753715232 -0.892121441906856 0
 1.330390809982906 0.02204264631912245 0
 1.551067971620506 -0.7200794269235828 0
 0.1296814985254152 -0.5114997460114211 3
 0.1579569626642151 -2.158871077697928 0
 0.2792126826544233 -0.2716740782231958 2
 0.569222122399947 0.5058037409400193 1
 0.491484329861381 0.7822453353548047 0
 -0.2686125770209966 -0.7659079219808549 0
 0.1382865237850176 -0.2156390943999363 2
 1.193549729637691 -1.022726720386958 0
 -0.3417935627402072 1.024838006044045 0
 0.9925299718376207 0.8673198574261696 0
 1.714112647809959 -0.6315225363793292 1
 0.3809283149369701 -0.09542830435892485 0
 -0.1004827347133732 -0.4373998855340646 0
 0.7685226854175845 -0.8505434881504934 0
 1.276784744994016 0.03343062009676072 0
 -0.3004307118128616 -0.5792676596774934 0
 0.6902555200495616 -1.103722961691637 1
 1.111917606464573 -0.2455824328897464 3
 0.3242731055711707 0.6711845921857135 4
 1.203955419256293 -0.1372572143439103 0
 0.5017263552043234 -2.110522221228555 0
 -0.9931491676294837 1.05193176619546 0
 0.2339397138670471 -0.2152783991958819 0
 0.9163940579516195 1.173088824158379 3
 0.158450488940371 0.05708491445221753 0
 1.262973362782035 -0.3833692264850211 2
 -0.5002248011066552 -1.438876422737126 1
 0.6237647286829007 -0.1313044016570283 0
 1.252182302679818 -0.5126501877420401 0
 0.9385118501491414 -0.2139399577921597 0
 0.6284792980122909 1.109273713144681 3
 -1.475772850744436 0.3684590380246666 1
 -1.019207638607349 -1.401600542438022 3
 -0.5718773399330709 0.4182718140120733 0
 -0.9844854843049473 1.066279057286925 4
 1.172431299911624 0.1734369016774059 0
 -0.8146371723374167 -0.6705329113069511 0
 0.1910920120088884 0.5241195738227393 0
 0.1646074357591232 -1.734878291601802 1
 1.56137039368155 -0.5587654320454036 4
 1.069562417351928 0.9057972766155138 0
 -0.79435516592967 0.5707850328232156 4
 -1.235366592162704 -2.59840837903605 0
 0.8966414243733296 0.4613919479841411 0
 2.157485069549769 -0.2774231520980945 0
 1.122874466893622 0.7703554491199206 0
 0.7449122928805688 -1.216251939118471 2
 1.595951695219926 -0.4643013312726671 0
 0.2137170906467599 -0.2064890475280163 1
 -0.5543444516995246 0.09130316286123447 1
 0.5070696902163881 -0.06018229741384673 1
 1.960745012867867 0.3557321878465782 1
 0.4129997303877471 -0.7196688145214207 0
 0.2653872518701322 0.5987083073999298 0
 -0.2862339591172648 -0.9186563578817404 2
 0.8481573855865525 0.8303703991336058 0
 0.2828358093534131 0.5083909386506207 1
 0.2397847219619534 -1.288127996870748 0
 0.3601404723339249 1.070074903547229 2
 -0.6113639586904746 -0.3166687441154594 2
 0.7251684222416016 0.7640549805863961 1
 0.2155764130706934 0.1016064463835272 0
 -1.915996735254119 -0.4607245279664988 2
 -0.2207155555979686 0.4209801750972774 1
 -0.7000140021654665 -0.05049616002545304 0
 0.8495270564386705 -0.6334753289971968 3
 -0.6703671285213811 0.1738816921387958 1
 1.302305080203102 -0.7346619351047912 1
 2.213828340191722 -0.3249224402635792 1
 -1.589048148045259 -1.316270749398325 0
 0.2710376373710605 -0.3180544029358214 1
 -0.6618214864492382 -0.7803649520477518 0
 1.172937861229448 -0.7017635940408627 0
 -1.448510509241284 0.4714886977746969 3
 1.61141271515891 -0.100111126898826 0
 0.09369681563279317 -0.3473633363328975 0
 0.214340968094452 -1.644716264286324 0
 -1.567884095295926 0.2972087558857055 3
 0.6316816050723691 -1.895312854856574 0
 0.9099782171164472 -0.3769574040178243 0
 0.1960222767907219 -0.3221625470220267 0
 -0.1126803257516521 0.7795255498704294 0
 0.4941660270313248 -0.05995850472327491 0
 0.3113248328934836 -0.3342604868086027 0
 0.3118313942113077 -1.209460982526871 0
 -0.03928476710052869 1.597473783736319 3
 0.4537576406746934 0.07525953008174616 0
 2.719474384949299 0.4761510314392813 0
 0.7397357717259783 -0.5759606865170238 0
 0.6865449130184917 -0.5595308099536707 1
 0.9847620950188645 -0.334401704061794 2
 -0.207437420919785 -0.1358558163846685 3
 0.8704666507962378 0.3748606160542051 0
 1.800198310244875 -0.6185180014312949 0
 1.690976119619281 -1.273702445081611 0
 1.989947132840877 0.08619128899882322 0
 0.2212485965526125 -1.214308955941533 0
 0.4628692272521197 -0.5040803140250376 0
 1.002854191879656 0.6294811603150396 3
 0.7943001759899231 -1.612221521103381 0
 0.9675161979463586 0.7602119169094528 2
 0.6398833365717052 -9.619636195215553e-005 1
 0.4037887509571032 -0.4204697114717064 2
 0.8289190627347676 0.1315025674566975 3
 -0.7290770080276177 -0.7431346742070464 1
 0.4231700626240875 -0.239766522716347 1
 2.350808534647797 -0.2423324865868469 0
 -0.8163644049366466 -1.297216702145389 2
 -1.034748389469733 0.4464959620155179 2
 0.1754659168655978 0.804893105014302 0
 0.7471102402443216 0.2215662801959157 0
 1.479848562352145 0.2989432505142231 0
 -0.7500236266713401 -1.107879503155995 3
 -0.3899807249060904 0.1579108253557575 2
 0.3360445913375502 -0.3512064000098407 3
 -1.572485511607905 -2.222764449409297 4
 1.506360947338413 -0.2887769478165051 0
 -0.6397388156824918 1.050561846513978 3
 0.4243858456705109 -0.9858712619309462 1
 1.144639585579015 -0.4592138260285533 0
 -2.808604510105295 0.7470937632430059 3
 0.5892459599137994 -0.06326709284198526 3
 1.491928837260555 -0.3549554638502322 0
 1.274352453778644 -0.005980557792092889 0
 0.594154426714642 -0.510396521697442 0
 1.944717760015482 -0.6557184159524813 0
 2.071983563304904 -0.4863347497180189 0
 0.833041001342901 -0.8516624516033526 0
 1.359056532840305 -0.1335282043821074 0
 0.4851457954903187 -0.3608610591204745 0
 -0.09592205318967756 1.520919218183849 4
 -0.6927796612886239 -0.09476403594667193 3
 0.6937395326376929 0.6385214682115281 1
 1.001659481691698 -0.5551874487777224 0
 0.6357536485548912 0.09503928248249977 0
 -1.117101358484472 -0.2374998173143371 1
 1.688283523458842 -0.2319222590088763 0
 -0.4180077966209605 -0.8803071165881757 1
 1.447533751702309 -0.6427665931223083 0
 1.267224241633058 -0.5975166562617129 1
 -1.816158348672156 0.2505932140833368 4
 1.734173345407755 -1.082954038692044 0
 0.4498475228146629 -1.472450456612479 0
 1.02496394626038 -1.917930761196552 0
 -0.104789122047515 -1.029344981447606 0
 0.5447883415862785 -0.5135796317018411 0
 -1.560777572141442 -5.211631106856138 0
 -1.122245182667576 -0.1959376026968545 4
 -0.5625890540383169 0.526012544663283 3
 -1.24926860428858 -0.6033451707957964 1
 0.1824641752376531 -1.176562641462943 1
 0.6487556910625298 -1.429018024814509 1
 0.1602869998526715 -1.039641155310436 2
 0.59834277279639 -0.8870453610619135 0
 2.009350242488853 -0.1322582142351266 0
 0.3916231317677852 -1.333893970369228 4
 1.596870313237339 -0.246854037994968 0
 0.7619902535750697 -0.3059423389686063 0
 1.17246012217877 -0.8693069064143573 0
 1.135601430761358 0.08305108167135555 0
 0.8119443695978242 -0.054651521528298 0
 0.2113652554773125 -0.9265662779261986 0
 0.3989459665073496 -0.8984447592387228 1
 1.500394748409299 0.9030846007906007 0
 -1.764723544831045 0.6502233547733088 3
 -0.787631261074992 0.9577028825124663 0
 -1.314572434875964 0.6657124581159757 1
 -1.036101875698368 -2.268420683932346 0
 -0.2521037104135939 0.8571007642994982 4
 -2.121638982224634 0.8401221928589873 1
 1.230262282658088 -0.3693141793408689 0
 -0.2224786347504992 1.480631308453056 1
 0.1215243765187029 -1.401047532821155 0
 0.9912358687964453 -0.5974894927236618 0
 0.7853723130159791 -0.9893922183410572 3
 -1.129337548259861 -2.473808625360691 2
 0.5028883684207952 -0.3271245741518289 0
 -1.58690885874644 0.4030608304360804 0
 -0.7954286852834199 -0.7328955272017862 1
 1.231805791653836 0.2138801528420293 0
 1.911929373427426 -1.048603202509253 0
 -1.367700760814176 0.8446437442671083 2
 -0.9529838880637944 -0.3768830230631333 1
 -0.09510355314800756 -0.07339488591357313 2
