# Created by Octave 4.0.3, Tue Jan 31 21:07:58 2017 GMT <unknown@KoolCards>
# name: Z
# type: matrix
# rows: 1206
# columns: 3
 -0.5958271438984832 -0.2807457897163795 0
 -2.024856298098323 0.1620602601661113 2
 -1.444483998083055 0.005868860849729221 1
 2.170583177276508 -1.403691293063705 0
 2.293300144175993 0.9680443601647406 0
 0.6475005592514882 -0.7172416784919107 0
 0.5531649204927123 1.742018657406595 3
 0.9714309417779512 1.55667653629924 0
 -0.678737472472093 -0.2584327326711821 2
 0.213068122480791 -0.6439923462493586 1
 -0.2486738650269348 -0.4615052952275046 0
 0.7621343184082443 1.598447580304133 0
 -0.3474233836318286 -0.4494849939495414 2
 1.314170340803382 -1.071323003832428 0
 0.4735966943615395 -0.7286619588339176 0
 0.4698823159443497 -0.6548851229525491 0
 0.9077019056780622 -0.9037113241740393 1
 0.2841808648944815 -0.6485749618455894 0
 0.9117885600700054 1.441728677348934 0
 0.9235410957093462 -0.893418568406805 0
 -0.8287189395880286 -0.203513862813553 0
 0.8767230270444221 1.596720034793404 0
 0.01589631072517828 -0.5181517105958627 1
 0.3751744012108206 -0.614841624458385 3
 -0.8920756997131642 -0.2446848858824899 4
 1.302745030618215 1.36562427502088 0
 1.153090788956455 1.522343177976079 0
 -0.9864113384719402 2.214575450016016 0
 1.325967926963301 -1.089053445281395 0
 -0.04811490030830656 -0.7629227998599387 3
 -0.1650640350243976 2.03719851822921 0
 -0.1182459663594734 -0.4529400849709994 2
 -0.4418040729111831 -0.3076414623578078 1
 -0.02353805162594436 -0.4929835834651635 0
 1.479990997950601 -1.115949117922823 0
 1.58649649884405 -1.173723057865954 0
 -0.0835076587880646 -0.7097314755130386 3
 -1.243597807910252 -0.1937486106851353 1
 -0.5567200070015352 -0.4077139499446483 3
 -0.8209629572994739 -0.2492675014787206 0
 -0.9193401999296144 2.181969637203585 4
 1.720638775928701 -1.238934683490817 0
 0.004798225994186445 2.020595601355016 0
 -0.1340851563907572 -0.4632328407382336 0
 0.8689670447558673 1.642473673458571 1
 0.1540801916811945 -0.5553401390045252 4
 -0.5371664385530612 -0.4711980300587826 0
 -0.3319114190547192 -0.5409922712798767 4
 0.2690411762921252 1.862149152889088 0
 0.1301577939071812 -0.6216792892041613 0
 2.18275303941118 0.9977951028916705 0
 -1.006337182895167 -0.1411573072741914 0
 0.7614348169793168 -0.9225692901977787 2
 1.72872198367143 -1.182888289058416 0
 -0.5604343854187253 -0.3339371140632796 1
 -1.125294720856884 -0.2692529920772329 1
 0.6353757476373945 -0.8013112701405135 1
 1.10083211356231 -1.057575157043736 1
 0.06308665536485547 -0.5890734763917296 0
 -0.4818928861706547 -0.4860734014222475 0
 0.7934854730166376 1.517233058741032 2
 1.626303137169925 1.220325652407689 0
 -0.7855701988197159 -0.3024588258256208 1
 1.366101790743351 1.406795298089817 0
 -1.014747616092071 -0.2990037348041629 2
 -0.6157079378011319 -0.3190617426998147 2
 -0.2564298473154896 -0.4157516565623369 1
 0.4223647458504977 -0.6857633902542518 0
 -0.6039103516412124 -0.3367921841487814 2
 0.4614718827474457 -0.8127315504825204 1
 0.02031019057129596 1.92908832402468 0
 -0.5048336075821441 -0.2470124523291751 3
 -1.938231591107523 0.0659703672395453 1
 -0.508875211453509 -0.2750356495453761 1
 1.424717445568195 -1.101073746559358 1
 0.1032205191449057 1.906775266979483 0
 -0.6433447139923351 -0.3116240570180822 1
 0.7934854730166376 1.517233058741032 0
 1.239343219972501 -0.992963552354829 0
 -1.338305722643781 -0.1537051121909712 3
 0.5561797974809748 -0.8527750489766847 0
 0.6869799721231894 1.575006998684163 0
 1.89825701923584 -1.301291239030179 0
 -0.9311828366101123 -0.1177167256542212 3
 0.7499644562735719 -0.8030388156512425 0
 1.507627774141804 -1.123386803604556 0
 0.643131729925949 -0.8470649088056812 0
 -0.08684976123050148 1.783262197772672 0
 1.156805167373645 1.44856634209471 0
 0.9869429063550603 1.465169258968904 0
 -0.7694037833342574 -0.1903660369608171 0
 0.1386132776246636 1.853583942632583 3
 -0.6393031101209705 -0.2836008598018813 0
 2.174997057122625 1.043548741556838 0
 0.8177350962448253 1.685372242038237 0
 0.4459599181703362 -0.7212242731521852 1
 -0.5486367992588059 -0.3516675555122464 2
 0.6043968690037542 1.69912008882693 3
 0.3630495895967265 -0.6989112161069877 0
 1.405163877119721 -1.037589666445224 0
 1.578740516555495 -1.127969419200786 0
 2.012518502417843 -1.404818817638477 0
 0.860883837013138 1.58642727902617 0
 -0.8795786121243174 2.258601543170455 0
 0.03916425759084229 -0.6554126265913657 3
 0.1736337601296685 -0.6188242191186595 0
 0.004098724565258949 -0.500421269146896 2
 -0.1934003126445283 -0.4763806665909696 1
 -0.7380526287258641 -0.2715805585239181 2
 0.7375124192053036 -0.9889084403974148 3
 0.2333211923581927 1.813540444138419 1
 -0.2921498312494221 -0.4643603653130063 1
 1.24742642771523 -0.9369171579224271 0
 1.164233924208025 1.301012670331973 2
 -1.187951979553092 2.210592855355742 2
 0.382275932591026 -0.8641953293186916 0
 0.1540801916811945 -0.5553401390045252 0
 2.972094737341981 0.6980326264728256 0
 -1.093289115340142 -0.1468674474451949 3
 -1.36561527338081 -0.04446739341166914 2
 0.4102399342364038 -0.7698329819028547 3
 0.3202731248031669 1.819250584309422 4
 0.01556908527100365 -0.6199517436934322 0
 -1.137092307016804 -0.2515225506282662 3
 -0.0666867923942569 -0.3940386204530957 1
 2.1079259185803 1.07615455436927 0
 0.2093987945841795 1.747201293938782 3
 -0.6554695256064289 -0.3956936486666851 3
 1.231260012229772 -1.049009946787231 0
 0.6360752490663221 1.719705600361398 0
 -0.07509722559116072 -0.5518850479830671 0
 0.3195736233742393 -0.7017662861924895 0
 3.121703928483163 -1.776103080789146 0
 1.203950461492743 -0.9397722280079288 0
 1.965700433752919 1.085319785561731 0
 1.050299666480196 1.506340282037841 0
 -1.756244518474845 0.1334370420139542 4
 -1.82768448634271 0.03621962451261534 3
 0.7294292114625743 -1.044954834829817 1
 0.6512149376686783 -0.7910185143732793 0
 0.05937227694766545 -0.5152966405103609 0
 -0.07881160400835086 -0.4781082121016985 1
 1.081605770568011 -0.8922910438320322 0
 -1.187997030073671 -0.1068239489510308 1
 -0.1499243464220412 -0.4735255965054678 0
 0.532584625161136 -0.8173141660787513 1
 -0.9119564936158128 -0.283000838865925 4
 1.681204413577579 -1.213766556360118 0
 1.164188873687446 -1.016404133974799 0
 0.6873071975773639 1.676807031781732 0
 0.9157851134207914 -0.8476649297416373 0
 0.8443901960735052 1.372534457063796 0
 0.2178092277810832 1.905047721468754 0
 -0.197441916515893 -0.5044038638071705 4
 -2.155284196765784 0.1534950499096061 3
 -2.198432937534097 0.2524400129216739 1
 0.8446723710071011 -0.8430823141454067 1
 0.319900848828414 -0.5999662530949199 1
 0.158121795552559 -0.5273169417883241 2
 -0.9035460604189091 -0.1251544113359537 0
 0.7102028684682749 -0.8796707216181128 0
 -1.203181769196605 0.08648336147687402 4
 1.034460476448912 1.496047526270607 0
 -0.2287480206037077 1.894227462062703 0
 1.101159339016485 -0.9557751239461667 0
 0.30406165879713 -0.6102590088621542 0
 0.6670541276999622 -0.780725758606045 0
 1.062097252640116 1.488609840588875 0
 1.447985392433859 -1.238334662554861 1
 1.08536519950578 1.351348924593372 0
 -2.115522608960487 0.2301269558764765 3
 -1.002950029932152 -0.3167341762531296 0
 0.2845531408692345 1.770641875558753 1
 0.4702545919191026 1.764331714451793 0
 -1.160360253882467 -0.1142616346327632 4
 -1.90688043649913 -0.01524415432355575 1
 0.05904505149349085 -0.6170966736079304 0
 -1.369984102706349 -0.1742906237254396 1
 1.077236941242472 -1.022114274145803 0
 0.7105300939224495 -0.7778706885205433 0
 0.8524283532956558 -0.8888359528105743 3
 0.6792239898346346 1.62076063734933 2
 1.58649649884405 -1.173723057865954 0
 -0.4657264706851962 -0.3739806125574438 0
 0.7149439737685671 1.6693693461 1
 1.011192529583248 1.63330844226611 0
 2.028684917903302 -1.292726028773674 0
 -1.626143845261558 0.04020221917288985 2
 1.251468031586595 -0.9088939607062263 1
 -1.108801079917251 -0.05536017011485957 2
 0.6353757476373945 -0.8013112701405135 0
