# Created by Octave 4.0.3, Tue Jan 31 22:15:33 2017 GMT <unknown@KoolCards>
# name: Z_affected
# type: matrix
# rows: 618
# columns: 2
 -2.501685946507083 0.3460149851203285
 -1.897942173558349 1.31373091528566
 -0.8183743904381447 1.280950324297919
 -1.195001885655909 1.25996218083247
 -0.1995993054998655 1.900253602715455
 -0.8155625494288817 1.116205191743765
 1.352694225525359 0.1914356357877941
 -0.5513091924313979 1.068357409078268
 -0.1426983903213003 1.953893391456958
 -1.283870023935079 1.576713718026928
 -0.2292411708921495 1.629981491332443
 0.2830088102023542 0.1442804375796324
 -0.2045934102065073 -1.074927384585792
 -0.3110518373579743 1.622130534306598
 -1.663804969938155 0.4525809555442211
 -0.2262405234490255 -1.724717034373824
 -2.121290627152248 1.127242377210747
 -0.609143459446898 0.6870730552934423
 -0.3505277391248811 1.767390636656389
 -0.7116574513433717 1.021528590586801
 0.2795099740072201 0.8015184161944939
 -0.1481676826952963 -0.3562307250385297
 -1.507232392162223 0.5042897438667975
 1.077629937051881 0.08553863188449629
 0.7878041841894469 2.222055105475491
 0.3803164000087992 -1.049266106505326
 -1.178079479360617 1.432615137315097
 -0.3945565649029272 -0.09668104079649947
 -1.141877511272041 0.8419583408984186
 -0.6810704886393897 2.156376974334368
 -1.18138083248796 0.2959146378337827
 0.9713576973346179 -0.1523171028898668
 -0.1829502254634753 -0.04257812556972002
 -1.434164541931245 -1.162813042913724
 -1.057228893847769 1.503887840527216
 1.008801170125841 2.230383405712269
 -1.132941140468888 1.10553321583665
 -1.752670489217667 0.5142927532533184
 -1.510499818365105 1.105904236091863
 -1.045470246060419 2.267169159975206
 0.851934803958619 -0.185146154749926
 -1.008807904620083 1.333606993166241
 -0.7342109468149871 1.339441649419218
 0.6154256705485301 0.2495074797815614
 0.4800267776887663 0.7810818740607512
 -0.6505174528598685 1.552910366375556
 -0.3301343259009472 -0.4890652576462821
 1.320705680633712 -0.1630327241547272
 -1.149871813580631 0.6174324110540944
 -0.7558463145827421 1.226583706952419
 -0.1436778643986339 -0.04495440436463268
 -1.478362981486895 -1.145685905105355
 -1.676025300577092 0.1597248762311982
 -1.838232896028833 0.981141712451705
 -0.03692437937974252 1.178899114145269
 -1.2363958513364 -0.4111905987119322
 -0.5577175244828181 -0.4552883252404772
 -0.7064627947281057 1.343687892057168
 -1.084990960567896 0.6137061618040487
 -0.1425344243604898 -0.4977930115895881
 -1.234305144828074 0.3495507951916523
 -2.2571899179462 0.2969630306399011
 1.390760728129324 -0.09293575930622369
 -0.654281798338627 1.01415497677189
 -0.8407721867654012 -1.16827086821614
 1.006623244745428 -0.2115352566151624
 -1.383096537313761 0.477323781711029
 -0.7149448898374682 0.7707635271907048
 -2.527077842778319 0.6138929695991371
 -2.744778223721816 -0.03630935544030572
 1.161320402189863 -0.5265199784298146
 -0.2997535228986883 1.043706689141523
 -0.4596174676682022 1.12379244665089
 -1.905455640382792 0.9946357024208652
 1.017239761994462 0.8770648003151036
 -1.692290750135182 -0.9416849922412022
 -0.09503635099480462 -0.3312668469299725
 -1.581970812522803 1.534295327212532
 -1.356120839943836 -1.438677736006185
 -1.636055098533965 1.4098743951955
 0.3364130583442679 1.204161933699982
 -0.8320358780060031 -0.5403283107017268
 -0.7008317055517823 0.8531218767421246
 -1.170842817453388 -0.5852581936092142
 0.6119603514603771 1.564493383346794
 -1.654377327675919 1.286038124525895
 -0.1082213814191754 -1.260511687472703
 0.1633732096254889 1.146974297473211
 -1.297809216102499 -1.373446524263134
 -2.096374328365845 0.4438541967816889
 -1.480422829911592 0.6909709004321454
 0.03077355264157097 0.5003482533703498
 -1.26366058896317 0.9195646711496412
 -0.7008382530509256 1.490721225455525
 -0.03108320200220971 -0.09215007343805157
 2.422853069174716 0.3050973011822213
 -0.02402139187189956 0.281254889869615
 0.8622818834245428 0.09002014318985241
 -0.9033255129113336 -1.456204327521081
 0.2350495038262562 -0.1558639551943602
 -1.447510509499289 1.18515584686074
 -1.72678908082835 1.547860400809977
 -1.014850656342307 -0.8608397492274209
 -0.5564829770967947 2.075101261735728
 -1.361002105694075 0.3747962235282201
 -1.825556530355102 0.2330849638444712
 -0.03175497305500635 1.158758338965194
 -0.1688527151520385 -0.1145918741114931
 -2.451666791706288 -1.190497427643179
 0.3225016954433394 0.02587256358035506
 -0.788779097127434 0.4840626731520068
 1.087039736181384 0.4156199740089925
 -0.9258794582241234 -0.5342478004393203
 -0.01698786084925573 -0.5131675507438092
 -0.8000490924553583 0.5457033872328193
 -1.474295271300566 1.944818235195179
 0.5942406899987741 -1.474750878390783
 0.7992777602431321 0.3329200328344468
 -0.2755901163792011 -0.1035062277721929
 2.264399833067973 0.3967744816931362
 -1.208166044130411 1.659620494417566
 0.1856438025219226 -1.474351424684255
 0.4419376437939301 0.4681134530189675
 -0.30586065940102 1.72280597675566
 -0.07153902768762477 -1.341694298660507
 -0.5187759171403633 0.7433644592472175
 0.2736094470477859 0.4786506725190494
 -0.6462070274581991 -0.3999259585423836
 -0.8169663007750305 1.547581486784826
 -1.350626747120485 1.817789925389089
 1.128877991421905 0.508928218311905
 -1.175246316560311 1.992729690639425
 -0.4857604968653518 0.1962823566530168
 -2.215806388240644 1.30366423312039
 -0.4373451554544604 -0.5444860784932473
 0.6234038890653926 -0.7609057552233164
 -0.7175601474612885 0.3496571181473721
 -0.4815322993765227 0.6136162348856997
 -0.0622971230184185 1.822633055738575
 1.050362170607974 0.5907665744754205
 -0.1213833707351945 -0.5118496451236234
 1.233246081858831 -0.1836934927227066
 -1.450704014629477 0.7857628226406088
 0.5754537091644002 -0.2690787011907156
 2.073497678717824 0.4768886726538175
 -0.6146062443454454 -0.5760398749100917
 1.968631809346367 -0.447383096646967
 1.110527483172284 -0.782735456278791
 -0.3640304587075486 -3.680105457424437
 -0.2210563428323894 -0.3823987749620169
 0.5415053468699331 1.030925903116172
 -2.005457227478088 -1.769962254764837
 -1.319538967075337 -0.733633037656553
 0.5947275831171961 0.08173449313004505
 1.82475691903521 -0.5222889476982957
 0.03096317871039062 -0.5284710062697453
 -0.2854842296511637 -0.5605021458975231
 2.152000894398338 -0.6184049893375958
 -0.4980826178671695 0.8171734566201098
 -1.342117262996307 -1.362063523723923
 0.3582110825730049 -1.007146657137086
 -1.555578150817386 -0.4539567949601044
 -0.3744271486616808 0.2807333092354669
 0.6807895282038967 0.5002156762750298
 -0.2060128355269053 -0.7979231876379238
 1.141043563210208 -3.950044383214632
 1.362572664823073 0.4940594558199313
 -1.045772301268162 -0.4120994604643404
 -0.2755949045373413 -0.1974702170508172
 -1.321780827394684 -0.9060491382255292
 0.8518286752787729 0.03059356700222066
 -0.6823450606078425 -2.078771723884161
 -0.1171390494309415 -0.5441871370470922
 -1.715426421612651 -0.2194989393575442
 0.7550375767877435 -2.307759137612837
 1.198899152016751 -2.843900343551325
 0.4616649337818619 0.0330535589048315
 -1.229634826937698 -1.159963590581139
 1.966277722689205 -0.3705035949997411
 2.051859282132932 -0.4614965970836303
 -0.9960367059000952 -0.7711646527637175
 2.768451481286951 1.118085324905577
 1.448141169292208 -0.006345383842510988
 -1.048150288692329 -2.48965044021559
 1.087030159865104 0.2276919954517438
 -1.048709833407311 -1.488037630028547
 -0.7759765904826427 0.372645758413788
 1.403944039236386 -0.1167381157768218
 0.7423629304313211 -0.606655191992274
 -0.9249617403377426 -2.045585868494545
 -0.4731898100302924 -0.940078138451415
 0.6369540499777853 0.1015815454938422
 0.2543142513039465 -0.5970222076801931
 -0.6809530147127617 -4.731690261251809
 0.1654396055493286 -1.327281856777689
 -0.1383257893217009 -1.536882157227412
 -1.617250274566859 0.7075780448526103
 -0.4900187328028505 -0.657315587508732
 1.611296481055305 -0.2182256871838222
 0.0557976994251283 0.5542675482024738
