# Created by Octave 4.0.3, Tue Jan 31 22:15:58 2017 GMT <unknown@KoolCards>
# name: Z_affected
# type: matrix
# rows: 542
# columns: 2
 -1.090615092427597 1.547239895161701
 -2.501685946507083 0.3460149851203285
 -1.897942173558349 1.31373091528566
 2.59306192425167 0.1511741128486478
 1.091550426427916 2.055799448810716
 1.012752562697457 0.3107487401558464
 -0.8183743904381447 1.280950324297919
 0.4000702497870893 -1.269545793711701
 -1.195001885655909 1.25996218083247
 -0.1995993054998655 1.900253602715455
 -0.5950424704771498 0.8365431657729736
 -0.8155625494288817 1.116205191743765
 1.71896985311906 -0.1567065079651602
 1.302850782160139 -0.1868066471740115
 -1.281512458619606 1.721318075401006
 -0.5000572095618884 1.109187386277636
 -0.5513091924313979 1.068357409078268
 -0.1426983903213003 1.953893391456958
 -1.283870023935079 1.576713718026928
 0.5716967708434391 -0.9689098410011178
 1.764109051669443 -0.007264830936942912
 -0.2045934102065073 -1.074927384585792
 1.910814935622424 0.2787518446747295
 -1.663804969938155 0.4525809555442211
 -0.2262405234490255 -1.724717034373824
 -2.121290627152248 1.127242377210747
 -0.5652214149909803 -0.5864555595480232
 -0.609143459446898 0.6870730552934423
 -0.3505277391248811 1.767390636656389
 -0.7116574513433717 1.021528590586801
 -1.320559294959557 -0.4696819238332312
 -0.2658969648333418 1.925944309428008
 0.2795099740072201 0.8015184161944939
 1.251892587681921 2.136184147766238
 -1.507232392162223 0.5042897438667975
 0.7878041841894469 2.222055105475491
 -0.4455199573567654 1.051778698109117
 -0.8165072369231003 1.332195986135219
 0.3803164000087992 -1.049266106505326
 0.468546244318458 2.227249228659186
 -1.178079479360617 1.432615137315097
 0.8622775451075773 -0.6079873143381167
 -1.141877511272041 0.8419583408984186
 -0.6810704886393897 2.156376974334368
 -0.06371261983933041 1.717077643458403
 -1.18138083248796 0.2959146378337827
 -1.057228893847769 1.503887840527216
 1.008801170125841 2.230383405712269
 -1.389672723801783 0.1033135246615164
 -1.132941140468888 1.10553321583665
 -0.5268737291291429 0.4795385116696798
 0.7262125290118111 1.744983080129608
 -1.752670489217667 0.5142927532533184
 0.1981757646848827 1.685701253625564
 -0.5847001791693658 1.017745474434128
 1.320522152222861 0.8322306550213121
 -1.510499818365105 1.105904236091863
 1.027312205701656 -0.8357337167702393
 1.029956152250623 1.833767162950193
 0.1835978687304723 1.248240816938462
 -1.214764002250651 1.164794019738916
 -0.1187280885289446 1.614015875162033
 -0.2790724189414321 1.184627447442526
 -1.380260755513797 0.7823985955499971
 -1.045470246060419 2.267169159975206
 -0.5691645407461452 1.648626954308328
 -1.008807904620083 1.333606993166241
 -0.7342109468149871 1.339441649419218
 0.9081826508757734 2.099301471758665
 1.0468824870454 1.62386051020478
 1.679291230285046 2.292571551451526
 -0.5306241599746558 0.8267185581512313
 -2.213443584925856 0.9381891115237484
 0.5063350823465552 -0.8706143087306017
 -0.6505174528598685 1.552910366375556
 -1.149871813580631 0.6174324110540944
 -0.7558463145827421 1.226583706952419
 0.7690141745379361 2.602199955404909
 -0.1436778643986339 -0.04495440436463268
 -0.3237242745322186 1.987627673685792
 -1.676025300577092 0.1597248762311982
 -1.838232896028833 0.981141712451705
 -0.03692437937974252 1.178899114145269
 -1.2363958513364 -0.4111905987119322
 -0.7064627947281057 1.343687892057168
 0.8343545412437765 1.779044737255911
 -1.084990960567896 0.6137061618040487
 -0.5489625129320339 1.152553657637778
 2.708079149362264 2.412987320193362
 0.6359376105693559 1.667583585094478
 -0.2611970583354701 1.456737457833628
 -2.2571899179462 0.2969630306399011
 0.1600962071063268 1.560660811141028
 -0.654281798338627 1.01415497677189
 -0.8407721867654012 -1.16827086821614
 -0.6387618338896554 1.490664358552897
 -1.383096537313761 0.477323781711029
 2.104060290813626 0.06135004325225357
 0.6053589146818257 0.8481830496468392
 0.1588664478784436 -0.8757647865565525
 1.214925162216705 -0.4350496331349921
 -0.3129437913223737 0.624541327569512
 -1.597989825382439 -2.116198200166546
 -0.7149448898374682 0.7707635271907048
 -2.527077842778319 0.6138929695991371
 -2.744778223721816 -0.03630935544030572
 1.161320402189863 -0.5265199784298146
 -0.2997535228986883 1.043706689141523
 -0.4596174676682022 1.12379244665089
 -0.586853304100424 -0.4778296429935174
 -1.905455640382792 0.9946357024208652
 -1.447507890499632 0.9301161073753803
 1.490460260016877 -0.007606422560068715
 -0.2922361275747593 0.980242292778277
 1.017239761994462 0.8770648003151036
 -1.328553637291843 0.9904026813277984
 -1.070885593257487 -0.223426805193805
 -1.581970812522803 1.534295327212532
 1.443895128670647 -0.9270550889323712
 0.1883116898615897 1.664969401429299
 0.3364130583442679 1.204161933699982
 -0.8320358780060031 -0.5403283107017268
 1.112236768384487 1.686640728141
 -0.9777779618558998 1.018130711414998
 -0.7008317055517823 0.8531218767421246
 2.419567799839101 0.4033359665501094
 0.6119603514603771 1.564493383346794
 -1.654377327675919 1.286038124525895
 0.1633732096254889 1.146974297473211
 -2.293847471228396 1.324489186727491
 -2.096374328365845 0.4438541967816889
 -1.999972710971018 1.298577428073188
 0.25835847054075 1.419618517977874
 -1.480422829911592 0.6909709004321454
 0.0453645035705732 1.347220527636004
 -0.2901688719922655 -1.017490262965959
 -0.7965737472097504 -1.185398006024509
 0.03077355264157097 0.5003482533703498
 -1.26366058896317 0.9195646711496412
 -0.7008382530509256 1.490721225455525
 2.422853069174716 0.3050973011822213
 0.9777607913867232 1.881408110399599
 -0.2282751616068873 2.138850382819471
 0.1760743757485745 1.345261093765763
 -0.05712509769402518 1.54745254107314
 1.001265072010526 1.313948376711672
 -0.06324614882960278 1.34061639260206
 0.2350495038262562 -0.1558639551943602
 2.991320858737704 0.667579808008935
 0.008889209223094774 -0.1776073607151192
 -1.447510509499289 1.18515584686074
 -1.72678908082835 1.547860400809977
 0.2315737087394736 2.179280906312312
 -1.014850656342307 -0.8608397492274209
 -2.660599555965584 0.780597536023531
 -1.361002105694075 0.3747962235282201
 -1.825556530355102 0.2330849638444712
 -0.03175497305500635 1.158758338965194
 1.071511504915961 -0.3763372560719438
 1.544518436078855 -0.7020091657001426
 1.626330412044509 -0.8216780784169777
 1.099253559344873 -0.3385351329699382
 -0.788779097127434 0.4840626731520068
 -1.232144612739219 1.684050162412562
 -0.1347249599625782 0.8495161671734558
 1.934315737587915 -0.5101917480345007
 -1.788851995173854 1.353285637041814
 -0.8000490924553583 0.5457033872328193
 0.5942406899987741 -1.474750878390783
 -1.208166044130411 1.659620494417566
 -1.599836596812485 1.45011329537868
 0.1856438025219226 -1.474351424684255
 -1.029956789086896 1.696667355464261
 -1.321483110503907 1.075212024686049
 -0.30586065940102 1.72280597675566
 -0.07153902768762477 -1.341694298660507
 1.665373359908669 0.06727099503994582
 -0.6462070274581991 -0.3999259585423836
 -0.8169663007750305 1.547581486784826
 -0.2428543670611264 1.828909815875051
 -1.350626747120485 1.817789925389089
 0.6365789333560035 -1.100155959993844
 -1.175246316560311 1.992729690639425
 -0.0622971230184185 1.822633055738575
 1.947007327394721 -0.4998329302991972
 -0.122907165394435 -0.7506690644156331
 1.899039754202171 -1.115425171373118
 0.4075967715861238 -0.5410387432683527
 1.968631809346367 -0.447383096646967
 1.110527483172284 -0.782735456278791
 -0.9001180931478993 -0.1708758672157323
 -0.3682569368790694 -3.144392138643791
 -0.3640304587075486 -3.680105457424437
 2.152004373056649 -0.3969211303162913
 0.7305177164141656 0.3022262341823888
 -1.319538967075337 -0.733633037656553
 2.244638166314406 -0.3024371476497628
 0.619098701663038 0.6818510907239026
 -0.7655499021035357 -1.467318407311696
 2.463745367444883 -0.9426943253860866
 1.82475691903521 -0.5222889476982957
 2.152000894398338 -0.6184049893375958
 -0.5723976206175884 -1.059568649403472
