# Created by Octave 4.0.3, Tue Jan 31 22:15:58 2017 GMT <unknown@KoolCards>
# name: Z_free
# type: matrix
# rows: 664
# columns: 2
 0.2547954966055742 0.3889755760553458
 0.9558551261772037 0.4785928104356477
 0.9365890691996848 1.047270932664161
 1.352694225525359 0.1914356357877941
 0.7047672371540503 -0.0007375902266306134
 0.5651031510401648 -0.7657288581517984
 0.9727766728138412 0.1747221684116095
 -1.292152466818166 -0.4411453961717262
 -0.2292411708921495 1.629981491332443
 -0.6056555090678728 -0.03057303213598783
 0.2830088102023542 0.1442804375796324
 0.3746957468074099 0.1057514858736301
 2.040587527464004 0.331707454989207
 -0.3110518373579743 1.622130534306598
 -0.3809141899439344 -0.3358688979167053
 2.223494929664388 0.6311108024335461
 0.3060487889749123 0.3022856835120343
 0.09021642120511397 0.1798526188165566
 1.903290133140698 0.5032919912447109
 -0.5026820435019894 0.5001529986770549
 -0.1481676826952963 -0.3562307250385297
 1.077629937051881 0.08553863188449629
 -0.3945565649029272 -0.09668104079649947
 0.9713576973346179 -0.1523171028898668
 -0.4331021436500362 -0.449303700674036
 -0.1829502254634753 -0.04257812556972002
 -1.434164541931245 -1.162813042913724
 -0.2121090862131281 -0.05841579120921739
 1.940917584183946 1.286685652421463
 0.851934803958619 -0.185146154749926
 0.8533511604381849 0.3969328560369105
 0.6154256705485301 0.2495074797815614
 0.4800267776887663 0.7810818740607512
 -0.3301343259009472 -0.4890652576462821
 1.320705680633712 -0.1630327241547272
 -1.478362981486895 -1.145685905105355
 0.9990936541055613 -0.08095909932380542
 2.707794487446078 0.8411379948603366
 0.5223258561222202 -0.07255872027796843
 -0.5577175244828181 -0.4552883252404772
 -0.1425344243604898 -0.4977930115895881
 1.704868414308137 0.2978668498046531
 0.2425773351251197 0.4451232255063075
 0.7893993209454186 0.0302962128023094
 1.662549323583468 0.2991278885222109
 -1.234305144828074 0.3495507951916523
 1.390760728129324 -0.09293575930622369
 0.4677968707335486 0.30029781619048
 1.495644890474687 0.7306683686023936
 1.006623244745428 -0.2115352566151624
 1.243607525799176 0.3733647730529447
 0.6901936795166055 0.2598094306142373
 0.732047608731375 0.5074897730103427
 1.096442577994264 0.30273359809088
 0.9196414126138635 0.5323178995310925
 -1.692290750135182 -0.9416849922412022
 -0.09503635099480462 -0.3312668469299725
 -1.356120839943836 -1.438677736006185
 0.534081475092433 -0.134804728100627
 -1.636055098533965 1.4098743951955
 0.5886483159050513 0.848094117909264
 -1.170842817453388 -0.5852581936092142
 1.129826157574435 0.5144212829417558
 -0.1082213814191754 -1.260511687472703
 -1.297809216102499 -1.373446524263134
 1.037191504658024 -0.05658629823143729
 0.9709181959327278 1.519491421630248
 1.565688192495536 0.263833626129664
 0.4753086182406833 -0.3336541679580545
 -0.03108320200220971 -0.09215007343805157
 2.21878589669141 0.3083462072213335
 -0.02402139187189956 0.281254889869615
 0.8622818834245428 0.09002014318985241
 1.632462758813675 0.52613324562468
 -1.05659366871909 -1.230295824097049
 2.32082470092053 0.638947542733734
 -0.9033255129113336 -1.456204327521081
 0.8373551486632052 0.1089567465549977
 -0.5564829770967947 2.075101261735728
 0.8331360776494818 0.483594315128908
 1.477284356067612 -0.1448798162962064
 -0.1688527151520385 -0.1145918741114931
 -1.238555113949122 -0.1885993006701676
 -2.451666791706288 -1.190497427643179
 0.3225016954433394 0.02587256358035506
 1.087039736181384 0.4156199740089925
 -0.3061548976334854 -0.03697132713461354
 -0.9258794582241234 -0.5342478004393203
 -1.423816152965492 -1.015166614716625
 1.939966389214279 0.4556652605209628
 -0.6625516360882975 0.009751168401133423
 -2.376970984493598 0.773859236648023
 -0.01698786084925573 -0.5131675507438092
 1.150499444556414 -0.2641492753065139
 0.5430287317116943 0.1891782556521724
 1.671483525228138 0.2136990346964573
 -1.474295271300566 1.944818235195179
 0.7992777602431321 0.3329200328344468
 -0.2755901163792011 -0.1035062277721929
 2.264399833067973 0.3967744816931362
 1.407702287057176 0.4555731542909
 -1.271446562411555 0.6461189070290636
 0.4419376437939301 0.4681134530189675
 1.618342617211366 0.0008071780306514176
 -0.2483180116183279 0.08927328716485179
 -0.5187759171403633 0.7433644592472175
 2.495733012654182 0.6198609710551244
 0.2736094470477859 0.4786506725190494
 0.04320397148171745 0.01272116041509469
 0.7828239941160509 0.1328095542594614
 1.128877991421905 0.508928218311905
 -0.4857604968653518 0.1962823566530168
 2.310018107761501 1.183210213692908
 -2.215806388240644 1.30366423312039
 -0.4373451554544604 -0.5444860784932473
 0.6234038890653926 -0.7609057552233164
 -0.7175601474612885 0.3496571181473721
 -0.4815322993765227 0.6136162348856997
 2.277567020359612 0.8226434953786899
 1.050362170607974 0.5907665744754205
 -0.1213833707351945 -0.5118496451236234
 1.608477232888244 0.1075951955770671
 0.2999277378393345 0.09544953504095442
 1.233246081858831 -0.1836934927227066
 0.07891466811121167 -1.147817930045026
 1.52665089244817 -0.05462785954197065
 -1.450704014629477 0.7857628226406088
 1.466469496092132 0.08393500636303872
 0.5754537091644002 -0.2690787011907156
 0.5885230345926445 0.6879778825469134
 2.073497678717824 0.4768886726538175
 1.679477827536729 0.4382249645407816
 -0.6146062443454454 -0.5760398749100917
 1.075267583578268 -0.1530297147682064
 1.057876087273591 0.3058183190908709
 1.220102385516719 0.4643009082342061
 1.204098106925287 -0.1391230495476355
 2.499024379647765 0.4880664252231805
 -0.2605631427066203 -1.149926337047957
 0.6201312248631959 0.3507882159724696
 -0.2210563428323894 -0.3823987749620169
 0.5415053468699331 1.030925903116172
 1.426511449341247 0.4512842614759794
 -2.005457227478088 -1.769962254764837
 0.4085314329228874 -0.3409140479677104
 -0.03015549798206907 -0.334993096180018
 0.5947275831171961 0.08173449313004505
 2.157658953182499 0.186376269011132
 1.276056444042582 0.3849277626031783
 0.03096317871039062 -0.5284710062697453
 -0.2854842296511637 -0.5605021458975231
 0.4306258645425728 -0.4434416061505193
 1.388415358129788 -0.3046518776084136
 0.434404574495752 0.3772057512890198
 1.234682900470786 0.6467216054359471
 -0.4980826178671695 0.8171734566201098
 0.978879880816687 -0.121817509974488
 0.3582110825730049 -1.007146657137086
 0.6727904377371655 0.1817257571520812
 1.15847852273193 -0.7980389118047271
 -1.555578150817386 -0.4539567949601044
 0.8396996590040864 -0.155850733649477
 0.6807895282038967 0.5002156762750298
 -0.1144242106264187 0.2987788989574942
 -0.2060128355269053 -0.7979231876379238
 0.2947461361986606 0.1827020711491412
 1.932905438742623 0.5587838957199609
 0.4974199933107512 1.275281037215003
 1.362572664823073 0.4940594558199313
 0.5566541231966091 -0.07686182981854614
 -1.045772301268162 -0.4120994604643404
 1.034849163475625 0.5572249107370219
 -0.2755949045373413 -0.1974702170508172
 -1.321780827394684 -0.9060491382255292
 0.3610512026899344 -0.004064385770148574
 -0.5995666655394474 -0.6090046783579584
 0.5914484114395512 0.1464172780338774
 -0.6823450606078425 -2.078771723884161
 -0.1171390494309415 -0.5441871370470922
 0.9981563737691401 -0.02604405513908753
 1.920689446420651 0.9639352739349072
 0.2787853608479702 1.505521083630927
 1.205034527603054 -0.670561692239018
 -0.4886010668234559 -0.2027564464645756
 0.4616649337818619 0.0330535589048315
 -0.04049778928985284 -0.5161954048411721
 -0.5794494446141387 -0.1644785673978804
 0.5265657990858122 0.8817068652759477
 0.4423684285381938 -0.915099451551731
 -0.482475227529738 0.09804369128512877
 -1.229634826937698 -1.159963590581139
 0.287212657083003 -0.9887726973368156
 0.03746065596757883 0.7525827779463401
 1.966277722689205 -0.3705035949997411
 2.768451481286951 1.118085324905577
 0.2796987404173856 -0.7038244419522657
 0.1786207074742133 -0.0154774070069178
 -0.5511395786537929 -0.8128414061829892
 3.01060430900678 1.206320980886944
 1.620245456991874 1.058804493582306
