# Created by Octave 4.0.3, Tue Jan 31 22:15:33 2017 GMT <unknown@KoolCards>
# name: Z_free
# type: matrix
# rows: 588
# columns: 2
 -1.090615092427597 1.547239895161701
 2.59306192425167 0.1511741128486478
 1.091550426427916 2.055799448810716
 1.012752562697457 0.3107487401558464
 0.4000702497870893 -1.269545793711701
 0.2547954966055742 0.3889755760553458
 -0.5950424704771498 0.8365431657729736
 1.71896985311906 -0.1567065079651602
 0.9558551261772037 0.4785928104356477
 0.9365890691996848 1.047270932664161
 0.7047672371540503 -0.0007375902266306134
 0.5651031510401648 -0.7657288581517984
 1.302850782160139 -0.1868066471740115
 -1.281512458619606 1.721318075401006
 -0.5000572095618884 1.109187386277636
 0.9727766728138412 0.1747221684116095
 0.5716967708434391 -0.9689098410011178
 -1.292152466818166 -0.4411453961717262
 1.764109051669443 -0.007264830936942912
 -0.6056555090678728 -0.03057303213598783
 0.3746957468074099 0.1057514858736301
 1.910814935622424 0.2787518446747295
 2.040587527464004 0.331707454989207
 -0.3809141899439344 -0.3358688979167053
 2.223494929664388 0.6311108024335461
 -0.5652214149909803 -0.5864555595480232
 0.3060487889749123 0.3022856835120343
 0.09021642120511397 0.1798526188165566
 -1.320559294959557 -0.4696819238332312
 -0.2658969648333418 1.925944309428008
 1.903290133140698 0.5032919912447109
 -0.5026820435019894 0.5001529986770549
 1.251892587681921 2.136184147766238
 -0.4455199573567654 1.051778698109117
 -0.8165072369231003 1.332195986135219
 0.468546244318458 2.227249228659186
 0.8622775451075773 -0.6079873143381167
 -0.06371261983933041 1.717077643458403
 -0.4331021436500362 -0.449303700674036
 -1.389672723801783 0.1033135246615164
 -0.5268737291291429 0.4795385116696798
 0.7262125290118111 1.744983080129608
 0.1981757646848827 1.685701253625564
 -0.5847001791693658 1.017745474434128
 1.320522152222861 0.8322306550213121
 1.027312205701656 -0.8357337167702393
 1.029956152250623 1.833767162950193
 0.1835978687304723 1.248240816938462
 -1.214764002250651 1.164794019738916
 -0.1187280885289446 1.614015875162033
 -0.2790724189414321 1.184627447442526
 -1.380260755513797 0.7823985955499971
 -0.2121090862131281 -0.05841579120921739
 1.940917584183946 1.286685652421463
 -0.5691645407461452 1.648626954308328
 0.8533511604381849 0.3969328560369105
 0.9081826508757734 2.099301471758665
 1.0468824870454 1.62386051020478
 1.679291230285046 2.292571551451526
 -0.5306241599746558 0.8267185581512313
 -2.213443584925856 0.9381891115237484
 0.5063350823465552 -0.8706143087306017
 0.7690141745379361 2.602199955404909
 0.9990936541055613 -0.08095909932380542
 -0.3237242745322186 1.987627673685792
 2.707794487446078 0.8411379948603366
 0.5223258561222202 -0.07255872027796843
 0.8343545412437765 1.779044737255911
 1.704868414308137 0.2978668498046531
 0.2425773351251197 0.4451232255063075
 -0.5489625129320339 1.152553657637778
 0.7893993209454186 0.0302962128023094
 2.708079149362264 2.412987320193362
 0.6359376105693559 1.667583585094478
 1.662549323583468 0.2991278885222109
 -0.2611970583354701 1.456737457833628
 0.1600962071063268 1.560660811141028
 0.4677968707335486 0.30029781619048
 1.495644890474687 0.7306683686023936
 -0.6387618338896554 1.490664358552897
 2.104060290813626 0.06135004325225357
 0.6053589146818257 0.8481830496468392
 0.1588664478784436 -0.8757647865565525
 1.214925162216705 -0.4350496331349921
 -0.3129437913223737 0.624541327569512
 -1.597989825382439 -2.116198200166546
 -0.586853304100424 -0.4778296429935174
 1.243607525799176 0.3733647730529447
 0.6901936795166055 0.2598094306142373
 -1.447507890499632 0.9301161073753803
 1.490460260016877 -0.007606422560068715
 0.732047608731375 0.5074897730103427
 1.096442577994264 0.30273359809088
 -0.2922361275747593 0.980242292778277
 0.9196414126138635 0.5323178995310925
 -1.328553637291843 0.9904026813277984
 -1.070885593257487 -0.223426805193805
 0.534081475092433 -0.134804728100627
 1.443895128670647 -0.9270550889323712
 0.1883116898615897 1.664969401429299
 1.112236768384487 1.686640728141
 -0.9777779618558998 1.018130711414998
 0.5886483159050513 0.848094117909264
 2.419567799839101 0.4033359665501094
 1.129826157574435 0.5144212829417558
 -2.293847471228396 1.324489186727491
 -1.999972710971018 1.298577428073188
 0.25835847054075 1.419618517977874
 1.037191504658024 -0.05658629823143729
 0.0453645035705732 1.347220527636004
 -0.2901688719922655 -1.017490262965959
 0.9709181959327278 1.519491421630248
 -0.7965737472097504 -1.185398006024509
 1.565688192495536 0.263833626129664
 0.4753086182406833 -0.3336541679580545
 2.21878589669141 0.3083462072213335
 0.9777607913867232 1.881408110399599
 -0.2282751616068873 2.138850382819471
 1.632462758813675 0.52613324562468
 0.1760743757485745 1.345261093765763
 -1.05659366871909 -1.230295824097049
 -0.05712509769402518 1.54745254107314
 1.001265072010526 1.313948376711672
 -0.06324614882960278 1.34061639260206
 2.32082470092053 0.638947542733734
 2.991320858737704 0.667579808008935
 0.8373551486632052 0.1089567465549977
 0.008889209223094774 -0.1776073607151192
 0.2315737087394736 2.179280906312312
 -2.660599555965584 0.780597536023531
 0.8331360776494818 0.483594315128908
 1.071511504915961 -0.3763372560719438
 1.544518436078855 -0.7020091657001426
 1.477284356067612 -0.1448798162962064
 1.626330412044509 -0.8216780784169777
 1.099253559344873 -0.3385351329699382
 -1.238555113949122 -0.1885993006701676
 -1.232144612739219 1.684050162412562
 -0.3061548976334854 -0.03697132713461354
 -1.423816152965492 -1.015166614716625
 -0.1347249599625782 0.8495161671734558
 1.934315737587915 -0.5101917480345007
 1.939966389214279 0.4556652605209628
 -0.6625516360882975 0.009751168401133423
 -2.376970984493598 0.773859236648023
 -1.788851995173854 1.353285637041814
 1.150499444556414 -0.2641492753065139
 0.5430287317116943 0.1891782556521724
 1.671483525228138 0.2136990346964573
 1.407702287057176 0.4555731542909
 -1.599836596812485 1.45011329537868
 -1.271446562411555 0.6461189070290636
 -1.029956789086896 1.696667355464261
 -1.321483110503907 1.075212024686049
 1.618342617211366 0.0008071780306514176
 -0.2483180116183279 0.08927328716485179
 1.665373359908669 0.06727099503994582
 2.495733012654182 0.6198609710551244
 0.04320397148171745 0.01272116041509469
 -0.2428543670611264 1.828909815875051
 0.7828239941160509 0.1328095542594614
 0.6365789333560035 -1.100155959993844
 2.310018107761501 1.183210213692908
 2.277567020359612 0.8226434953786899
 1.947007327394721 -0.4998329302991972
 -0.122907165394435 -0.7506690644156331
 1.899039754202171 -1.115425171373118
 1.608477232888244 0.1075951955770671
 0.2999277378393345 0.09544953504095442
 0.07891466811121167 -1.147817930045026
 1.52665089244817 -0.05462785954197065
 1.466469496092132 0.08393500636303872
 0.5885230345926445 0.6879778825469134
 0.4075967715861238 -0.5410387432683527
 1.679477827536729 0.4382249645407816
 1.075267583578268 -0.1530297147682064
 1.057876087273591 0.3058183190908709
 1.220102385516719 0.4643009082342061
 1.204098106925287 -0.1391230495476355
 2.499024379647765 0.4880664252231805
 -0.9001180931478993 -0.1708758672157323
 -0.2605631427066203 -1.149926337047957
 -0.3682569368790694 -3.144392138643791
 0.6201312248631959 0.3507882159724696
 1.426511449341247 0.4512842614759794
 2.152004373056649 -0.3969211303162913
 0.7305177164141656 0.3022262341823888
 0.4085314329228874 -0.3409140479677104
 -0.03015549798206907 -0.334993096180018
 2.244638166314406 -0.3024371476497628
 0.619098701663038 0.6818510907239026
 -0.7655499021035357 -1.467318407311696
 2.157658953182499 0.186376269011132
 1.276056444042582 0.3849277626031783
 2.463745367444883 -0.9426943253860866
 0.4306258645425728 -0.4434416061505193
 1.388415358129788 -0.3046518776084136
 0.434404574495752 0.3772057512890198
 1.234682900470786 0.6467216054359471
 -0.5723976206175884 -1.059568649403472
 1.395951906086278 0.007739683142838349
 0.978879880816687 -0.121817509974488
